 127
 127
 127
 -67
  61
  60
 119
 127
 127
 -39
 127
 127
 127
 127
 127
 127
 127
 127
 127
 127
 127
 127
 127
  55
  76
 127
  68
 115
 105
 127
 127
  59
  91
 113
 111
 127
 127
 127
 127
 -25
 127
 -22
 127
 127
 127
 127
 127
 127
 127
 127
 127
 127
  33
 127
 127
 127
 127
 127
 127
 127
  99
 127
 127
 127
 127
 127
 127
  60
 127
 127
 127
  96
 127
 127
 127
 127
 -21
 127
 127
 127
 127
 127
 127
 127
 127
 127
 127
  73
 127
 127
  42
 127
  60
 127
 127
  94
  83
 127
 127
 112
