  19
-127
 127
 127
-127
-127
 -57
 127
  67
 127
 118
-125
 -40
  81
 127
  72
-127
-127
-127
 -26
  -8
 127
-127
  -2
 127
 127
  17
 127
 127
-123
 127
-127
 -66
-127
  72
 111
 -16
  58
-119
  70
-127
  72
 -29
 -32
-127
  18
-127
 127
-127
-127
 -96
  95
-127
  41
-127
-127
 127
 -70
 127
 -41
-127
-127
  27
  88
 127
 127
 127
 127
-106
 -84
-127
 127
-119
 -27
 127
 127
 127
 -76
 127
  90
-127
 127
 127
-108
 -10
 -33
 127
-127
-127
 127
  69
 127
  57
-127
-127
-116
  39
 -71
 -26
-127
